1
2
3
4
5
6
7
8
9
10
11
12
13
14
15
16
17
18
19
20
21
22
23
24
25
26
27
28
29
30
31
32
33
34
35
36
37
38
39
40
41
42
43
44
45
46
47
48
49
50
51
52
53
54
55
56
57
58
59
60
61
62
63
64
65
66
67
68
69
70
71
72
73
74
75
76
77
78
79
80
81
82
83
84
85
86
87
88
89
90
91
92
93
94
95
96
97
98
99
100
101
102
103
104
105
106
107
108
109
110
111
112
113
114
115
116
117
118
119
120
121
122
123
124
125
126
127
128
129
130
131
132
133
134
135
136
137
138
139
140
141
142
143
144
145
146
147
148
149
150
151
152
153
154
155
156
157
158
159
160
161
162
163
164
165
166
167
168
169
170
171
172
173
174
175
176
177
178
179
180
181
182
183
184
185
186
187
188
189
190
191
192
193
194
195
196
197
198
199
200
201
202
203
204
205
206
207
208
209
210
211
212
213
214
215
216
217
218
219
220
221
222
223
224
225
226
227
228
229
230
231
232
233
234
235
236
237
238
239
240
241
242
243
244
245
246
247
248
249
250
251
252
253
254
255
256
257
258
259
260
261
262
263
264
265
266
267
268
269
270
271
272
273
274
275
276
277
278
279
280
281
282
283
284
285
286
287
288
289
290
291
292
293
294
295
296
297
298
299
300
301
302
303
304
305
306
307
308
309
310
311
312
313
314
315
316
317
318
319
320
321
322
323
324
325
326
327
328
329
330
331
332
333
334
335
336
337
338
339
340
341
342
343
344
345
346
347
348
349
350
351
352
353
354
355
356
357
358
359
360
361
362
363
364
365
366
367
368
369
370
371
372
373
374
375
376
377
378
379
380
381
382
383
384
385
386
387
388
389
390
391
392
393
394
395
396
397
398
399
400
401
402
403
404
405
406
407
408
409
410
411
412
413
414
415
416
417
418
419
420
421
422
423
424
425
426
427
428
429
430
431
432
433
434
435
436
437
438
439
440
441
442
443
444
445
446
447
448
449
450
451
452
453
454
455
456
457
458
459
460
461
462
463
464
465
466
467
468
469
470
471
472
473
474
475
476
477
478
479
480
481
482
483
484
485
486
487
488
489
490
491
492
493
494
495
496
497
498
499
500
501
502
503
504
505
506
507
508
509
510
511
512
513
514
515
516
517
518
519
520
521
522
523
524
525
526
527
528
529
530
531
532
533
534
535
536
537
538
539
540
541
542
543
544
545
546
547
548
549
550
551
552
553
554
555
556
557
558
559
560
561
562
563
564
565
566
567
568
569
570
571
572
573
574
575
576
577
578
579
580
581
582
583
584
585
586
587
588
589
590
591
592
593
594
595
596
597
598
599
600
601
602
603
604
605
606
607
608
609
610
611
612
613
614
615
616
617
618
619
620
621
622
623
624
625
626
627
628
629
630
631
632
633
634
635
636
637
638
639
640
641
642
643
644
645
646
647
648
649
650
651
652
653
654
655
656
657
658
659
660
661
662
663
664
665
666
667
668
669
670
671
672
673
674
675
676
677
678
679
680
681
682
683
684
685
686
687
688
689
690
691
692
693
694
695
696
697
698
699
700
701
702
703
704
705
706
707
708
709
710
711
712
713
714
715
716
717
718
719
720
721
722
723
724
725
726
727
728
729
730
731
732
733
734
735
736
737
738
739
740
741
742
743
744
745
746
747
748
749
750
751
752
753
754
755
756
757
758
759
760
761
762
763
764
765
766
767
768
769
770
771
772
773
774
775
776
777
778
779
780
781
782
783
784
785
786
787
788
789
790
791
792
793
794
795
796
797
798
799
800
801
802
803
804
805
806
807
808
809
810
811
812
813
814
815
816
817
818
819
820
821
822
823
824
825
826
827
828
829
830
831
832
833
834
835
836
837
838
839
840
841
842
843
844
845
846
847
848
849
850
851
852
853
854
855
856
857
858
859
860
861
862
863
864
865
866
867
868
869
870
871
872
873
874
875
876
877
878
879
880
881
882
883
884
885
886
887
888
889
890
891
892
893
894
895
896
897
898
899
900
901
902
903
904
905
906
907
908
909
910
911
912
913
914
915
916
917
918
919
920
921
922
923
924
925
926
927
928
929
930
931
932
933
934
935
936
937
938
939
940
941
942
943
944
945
946
947
948
949
950
951
952
953
954
955
956
957
958
959
960
961
962
963
964
965
966
967
968
969
970
971
972
973
974
975
976
977
978
979
980
981
982
983
984
985
986
987
988
989
990
991
992
993
994
995
996
997
998
999
1000
1001
1002
1003
1004
1005
1006
1007
1008
1009
1010
1011
1012
1013
1014
1015
1016
1017
1018
1019
1020
1021
1022
1023
1024
1025
1026
1027
1028
1029
1030
1031
1032
1033
1034
1035
1036
1037
1038
1039
1040
1041
1042
1043
1044
1045
1046
1047
1048
1049
1050
1051
1052
1053
1054
1055
1056
1057
1058
1059
1060
1061
1062
1063
1064
1065
1066
1067
1068
1069
1070
1071
1072
1073
1074
1075
1076
1077
1078
1079
1080
1081
1082
1083
1084
1085
1086
1087
1088
1089
1090
1091
1092
1093
1094
1095
1096
1097
1098
1099
1100
1101
1102
1103
1104
1105
1106
1107
1108
1109
1110
1111
1112
1113
1114
1115
1116
1117
1118
1119
1120
1121
1122
1123
1124
1125
1126
1127
1128
1129
1130
1131
1132
1133
1134
1135
1136
1137
1138
1139
1140
1141
1142
1143
1144
1145
1146
1147
1148
1149
1150
1151
1152
1153
1154
1155
1156
1157
1158
1159
1160
1161
1162
1163
1164
1165
1166
1167
1168
1169
1170
1171
1172
1173
1174
1175
1176
1177
1178
1179
1180
1181
1182
1183
1184
1185
1186
1187
1188
1189
1190
1191
1192
1193
1194
1195
1196
1197
1198
1199
1200
1201
1202
1203
1204
1205
1206
1207
1208
1209
1210
1211
1212
1213
1214
1215
1216
1217
1218
1219
1220
1221
1222
1223
1224
1225
1226
1227
1228
1229
1230
1231
1232
1233
1234
1235
1236
1237
1238
1239
1240
1241
1242
1243
1244
1245
1246
1247
1248
1249
1250
1251
1252
1253
1254
1255
1256
1257
1258
1259
1260
1261
1262
1263
1264
1265
1266
1267
1268
1269
1270
1271
1272
1273
1274
1275
1276
1277
1278
1279
1280
1281
1282
1283
1284
1285
1286
1287
1288
1289
1290
1291
1292
1293
1294
1295
1296
1297
1298
1299
1300
1301
1302
1303
1304
1305
1306
1307
1308
1309
1310
1311
1312
1313
1314
1315
1316
1317
1318
1319
1320
1321
1322
1323
1324
1325
1326
1327
1328
1329
1330
1331
1332
1333
1334
1335
1336
1337
1338
1339
1340
1341
1342
1343
1344
1345
1346
1347
1348
1349
1350
1351
1352
1353
1354
1355
1356
1357
1358
1359
1360
1361
1362
1363
1364
1365
1366
1367
1368
1369
1370
1371
1372
1373
1374
1375
1376
1377
1378
1379
1380
1381
1382
1383
1384
1385
1386
1387
1388
1389
1390
1391
1392
1393
1394
1395
1396
1397
1398
1399
1400
1401
1402
1403
1404
1405
1406
1407
1408
1409
1410
1411
1412
1413
1414
1415
1416
1417
1418
1419
1420
1421
1422
1423
1424
1425
1426
1427
1428
1429
1430
1431
1432
1433
1434
1435
1436
1437
1438
1439
1440
1441
1442
1443
1444
1445
1446
1447
1448
1449
1450
1451
1452
1453
1454
1455
1456
1457
1458
1459
1460
1461
1462
1463
1464
1465
1466
1467
1468
1469
1470
1471
1472
1473
1474
1475
1476
1477
1478
1479
1480
1481
1482
1483
1484
1485
1486
1487
1488
1489
1490
1491
1492
1493
1494
1495
1496
1497
1498
1499
1500
1501
1502
1503
1504
1505
1506
1507
1508
1509
1510
1511
1512
1513
1514
1515
1516
1517
1518
1519
1520
1521
1522
1523
1524
1525
1526
1527
1528
1529
1530
1531
1532
1533
1534
1535
1536
1537
1538
1539
1540
1541
1542
1543
1544
1545
1546
1547
1548
1549
1550
1551
1552
1553
1554
1555
1556
1557
1558
1559
1560
1561
1562
1563
1564
1565
1566
1567
1568
1569
1570
1571
1572
1573
1574
1575
1576
1577
1578
1579
1580
1581
1582
1583
1584
1585
1586
1587
1588
1589
1590
1591
1592
1593
1594
1595
1596
1597
1598
1599
1600
1601
1602
1603
1604
1605
1606
1607
1608
1609
1610
1611
1612
1613
1614
1615
1616
1617
1618
1619
1620
1621
1622
1623
1624
1625
1626
1627
1628
1629
1630
1631
1632
1633
1634
1635
1636
1637
1638
1639
1640
1641
1642
1643
1644
1645
1646
1647
1648
1649
1650
1651
1652
1653
1654
1655
1656
1657
1658
1659
1660
1661
1662
1663
1664
1665
1666
1667
1668
1669
1670
1671
1672
1673
1674
1675
1676
1677
1678
1679
1680
1681
1682
1683
1684
1685
1686
1687
1688
1689
1690
1691
1692
1693
1694
1695
1696
1697
1698
1699
1700
1701
1702
1703
1704
1705
1706
1707
1708
1709
1710
1711
1712
1713
1714
1715
1716
1717
1718
1719
1720
1721
1722
1723
1724
1725
1726
1727
1728
1729
1730
1731
1732
1733
1734
1735
1736
1737
1738
1739
1740
1741
1742
1743
1744
1745
1746
1747
1748
1749
1750
1751
1752
1753
1754
1755
1756
1757
1758
1759
1760
1761
1762
1763
1764
1765
1766
1767
1768
1769
1770
1771
1772
1773
1774
1775
1776
1777
1778
1779
1780
1781
1782
1783
1784
1785
1786
1787
1788
1789
1790
1791
1792
1793
1794
1795
1796
1797
1798
1799
1800
1801
1802
1803
1804
1805
1806
1807
1808
1809
1810
1811
1812
1813
1814
1815
1816
1817
1818
1819
1820
1821
1822
1823
1824
1825
1826
1827
1828
1829
1830
1831
1832
1833
1834
1835
1836
1837
1838
1839
1840
1841
1842
1843
1844
1845
1846
1847
1848
1849
1850
1851
1852
1853
1854
1855
1856
1857
1858
1859
1860
1861
1862
1863
1864
1865
1866
1867
1868
1869
1870
1871
1872
1873
1874
1875
1876
1877
1878
1879
1880
1881
1882
1883
1884
1885
1886
1887
1888
1889
1890
1891
1892
1893
1894
1895
1896
1897
1898
1899
1900
1901
1902
1903
1904
1905
1906
1907
1908
1909
1910
1911
1912
1913
1914
1915
1916
1917
1918
1919
1920
1921
1922
1923
1924
1925
1926
1927
1928
1929
1930
1931
1932
1933
1934
1935
1936
1937
1938
1939
1940
1941
1942
1943
1944
1945
1946
1947
1948
1949
1950
1951
1952
1953
1954
1955
1956
1957
1958
1959
1960
1961
1962
1963
1964
1965
1966
1967
1968
1969
1970
1971
1972
1973
1974
1975
1976
1977
1978
1979
1980
1981
1982
1983
1984
1985
1986
1987
1988
1989
1990
1991
1992
1993
1994
1995
1996
1997
1998
1999
2000
2001
2002
2003
2004
2005
2006
2007
2008
2009
2010
2011
2012
2013
2014
2015
2016
2017
2018
2019
2020
2021
2022
2023
2024
2025
2026
2027
2028
2029
2030
2031
2032
2033
2034
2035
2036
2037
2038
2039
2040
2041
2042
2043
2044
2045
2046
2047
2048
2049
2050
2051
2052
2053
2054
2055
2056
2057
2058
2059
2060
2061
2062
2063
2064
2065
2066
2067
2068
2069
2070
2071
2072
2073
2074
2075
2076
2077
2078
2079
2080
2081
2082
2083
2084
2085
2086
2087
2088
2089
2090
2091
2092
2093
2094
2095
2096
2097
2098
2099
2100
2101
2102
2103
2104
2105
2106
2107
2108
2109
2110
2111
2112
2113
2114
2115
2116
2117
2118
2119
2120
2121
2122
2123
2124
2125
2126
2127
2128
2129
2130
2131
2132
2133
2134
2135
2136
2137
2138
2139
2140
2141
2142
2143
2144
2145
2146
2147
2148
2149
2150
2151
2152
2153
2154
2155
2156
2157
2158
2159
2160
2161
2162
2163
2164
2165
2166
2167
2168
2169
2170
2171
2172
2173
2174
2175
2176
2177
2178
2179
2180
2181
2182
2183
2184
2185
2186
2187
2188
2189
2190
2191
2192
2193
2194
2195
2196
2197
2198
2199
2200
2201
2202
2203
2204
2205
2206
2207
2208
2209
2210
2211
2212
2213
2214
2215
2216
2217
2218
2219
2220
2221
2222
2223
2224
2225
2226
2227
2228
2229
2230
2231
2232
2233
2234
2235
2236
2237
2238
2239
2240
2241
2242
2243
2244
2245
2246
2247
2248
2249
2250
2251
2252
2253
2254
2255
2256
2257
2258
2259
2260
2261
2262
2263
2264
2265
2266
2267
2268
2269
2270
2271
2272
2273
2274
2275
2276
2277
2278
2279
2280
2281
2282
2283
2284
2285
2286
2287
2288
2289
2290
2291
2292
2293
2294
2295
2296
2297
2298
2299
2300
2301
2302
2303
2304
2305
2306
2307
2308
2309
2310
2311
2312
2313
2314
2315
2316
2317
2318
2319
2320
2321
2322
2323
2324
2325
2326
2327
2328
2329
2330
2331
2332
2333
2334
2335
2336
2337
2338
2339
2340
2341
2342
2343
2344
2345
2346
2347
2348
2349
2350
2351
2352
2353
2354
2355
2356
2357
2358
2359
2360
2361
2362
2363
2364
2365
2366
2367
2368
2369
2370
2371
2372
2373
2374
2375
2376
2377
2378
2379
2380
2381
2382
2383
2384
2385
2386
2387
2388
2389
2390
2391
2392
2393
2394
2395
2396
2397
2398
2399
2400
2401
2402
2403
2404
2405
2406
2407
2408
2409
2410
2411
2412
2413
2414
2415
2416
2417
2418
2419
2420
2421
2422
2423
2424
2425
2426
2427
2428
2429
2430
2431
2432
2433
2434
2435
2436
2437
2438
2439
2440
2441
2442
2443
2444
2445
2446
2447
2448
2449
2450
2451
2452
2453
2454
2455
2456
2457
2458
2459
2460
2461
2462
2463
2464
2465
2466
2467
2468
2469
2470
2471
2472
2473
2474
2475
2476
2477
2478
2479
2480
2481
2482
2483
2484
2485
2486
2487
2488
2489
2490
2491
2492
2493
2494
2495
2496
2497
2498
2499
2500
2501
2502
2503
2504
2505
2506
2507
2508
2509
2510
2511
2512
2513
2514
2515
2516
2517
2518
2519
2520
2521
2522
2523
2524
2525
2526
2527
2528
2529
2530
2531
2532
2533
2534
2535
2536
2537
2538
2539
2540
2541
2542
2543
2544
2545
2546
2547
2548
2549
2550
2551
2552
2553
2554
2555
2556
2557
2558
2559
2560
2561
2562
2563
2564
2565
2566
2567
2568
2569
2570
2571
2572
2573
2574
2575
2576
2577
2578
2579
2580
2581
2582
2583
2584
2585
2586
2587
2588
2589
2590
2591
2592
2593
2594
2595
2596
2597
2598
2599
2600
2601
2602
2603
2604
2605
2606
2607
2608
2609
2610
2611
2612
2613
2614
2615
2616
2617
2618
2619
2620
2621
2622
2623
2624
2625
2626
2627
2628
2629
2630
2631
2632
2633
2634
2635
2636
2637
2638
2639
2640
2641
2642
2643
2644
2645
2646
2647
2648
2649
2650
2651
2652
2653
2654
2655
2656
2657
2658
2659
2660
2661
2662
2663
2664
2665
2666
2667
2668
2669
2670
2671
2672
2673
2674
2675
2676
2677
2678
2679
2680
2681
2682
2683
2684
2685
2686
2687
2688
2689
2690
2691
2692
2693
2694
2695
2696
2697
2698
2699
2700
2701
2702
2703
2704
2705
2706
2707
2708
2709
2710
2711
2712
2713
2714
2715
2716
2717
2718
2719
2720
2721
2722
2723
2724
2725
2726
2727
2728
2729
2730
2731
2732
2733
2734
2735
2736
2737
2738
2739
2740
2741
2742
2743
2744
2745
2746
2747
2748
2749
2750
2751
2752
2753
2754
2755
2756
2757
2758
2759
2760
2761
2762
2763
2764
2765
2766
2767
2768
2769
2770
2771
2772
2773
2774
2775
2776
2777
2778
2779
2780
2781
2782
2783
2784
2785
2786
2787
2788
2789
2790
2791
2792
2793
2794
2795
2796
2797
2798
2799
2800
2801
2802
2803
2804
2805
2806
2807
2808
2809
2810
2811
2812
2813
2814
2815
2816
2817
2818
2819
2820
2821
2822
2823
2824
2825
2826
2827
2828
2829
2830
2831
2832
2833
2834
2835
2836
2837
2838
2839
2840
2841
2842
2843
2844
2845
2846
2847
2848
2849
2850
2851
2852
2853
2854
2855
2856
2857
2858
2859
2860
2861
2862
2863
2864
2865
2866
2867
2868
2869
2870
2871
2872
2873
2874
2875
2876
2877
2878
2879
2880
2881
2882
2883
2884
2885
2886
2887
2888
2889
2890
2891
2892
2893
2894
2895
2896
2897
2898
2899
2900
2901
2902
2903
2904
2905
2906
2907
2908
2909
2910
2911
2912
2913
2914
2915
2916
2917
2918
2919
2920
2921
2922
2923
2924
2925
2926
2927
2928
2929
2930
2931
2932
2933
2934
2935
2936
2937
2938
2939
2940
2941
2942
2943
2944
2945
2946
2947
2948
2949
2950
2951
2952
2953
2954
2955
2956
2957
2958
2959
2960
2961
2962
2963
2964
2965
2966
2967
2968
2969
2970
2971
2972
2973
2974
2975
2976
2977
2978
2979
2980
2981
2982
2983
2984
2985
2986
2987
2988
2989
2990
2991
2992
2993
2994
2995
2996
2997
2998
2999
3000
3001
3002
3003
3004
3005
3006
3007
3008
3009
3010
3011
3012
3013
3014
3015
3016
3017
3018
3019
3020
3021
3022
3023
3024
3025
3026
3027
3028
3029
3030
3031
3032
3033
3034
3035
3036
3037
3038
3039
3040
3041
3042
3043
3044
3045
3046
3047
3048
3049
3050
3051
3052
3053
3054
3055
3056
3057
3058
3059
3060
3061
3062
3063
3064
3065
3066
3067
3068
3069
3070
3071
3072
3073
3074
3075
3076
3077
3078
3079
3080
3081
3082
3083
3084
3085
3086
3087
3088
3089
3090
3091
3092
3093
3094
3095
3096
3097
3098
3099
3100
3101
3102
3103
3104
3105
3106
3107
3108
3109
3110
3111
3112
3113
3114
3115
3116
3117
3118
3119
3120
3121
3122
3123
3124
3125
3126
3127
3128
3129
3130
3131
3132
3133
3134
3135
3136
3137
3138
3139
3140
3141
3142
3143
3144
3145
3146
3147
3148
3149
3150
3151
3152
3153
3154
3155
3156
3157
3158
3159
3160
3161
3162
3163
3164
3165
3166
3167
3168
3169
3170
3171
3172
3173
3174
3175
3176
3177
3178
3179
3180
3181
3182
3183
3184
3185
3186
3187
3188
3189
3190
3191
3192
3193
3194
3195
3196
3197
3198
3199
3200
3201
3202
3203
3204
3205
3206
3207
3208
3209
3210
3211
3212
3213
3214
3215
3216
3217
3218
3219
3220
3221
3222
3223
3224
3225
3226
3227
3228
3229
3230
3231
3232
3233
3234
3235
3236
3237
3238
3239
3240
3241
3242
3243
3244
3245
3246
3247
3248
3249
3250
3251
3252
3253
3254
3255
3256
3257
3258
3259
3260
3261
3262
3263
3264
3265
3266
3267
3268
3269
3270
3271
3272
3273
3274
3275
3276
3277
3278
3279
3280
3281
3282
3283
3284
3285
3286
3287
3288
3289
3290
3291
3292
3293
3294
3295
3296
3297
3298
3299
3300
3301
3302
3303
3304
3305
3306
3307
3308
3309
3310
3311
3312
3313
3314
3315
3316
3317
3318
3319
3320
3321
3322
3323
3324
3325
3326
3327
3328
3329
3330
3331
3332
3333
3334
3335
3336
3337
3338
3339
3340
3341
3342
3343
3344
3345
3346
3347
3348
3349
3350
3351
3352
3353
3354
3355
3356
3357
3358
3359
3360
3361
3362
3363
3364
3365
3366
3367
3368
3369
3370
3371
3372
3373
3374
3375
3376
3377
3378
3379
3380
3381
3382
3383
3384
3385
3386
3387
3388
3389
3390
3391
3392
3393
3394
3395
3396
3397
3398
3399
3400
3401
3402
3403
3404
3405
3406
3407
3408
3409
3410
3411
3412
3413
3414
3415
3416
3417
3418
3419
3420
3421
3422
3423
3424
3425
3426
3427
3428
3429
3430
3431
3432
3433
3434
3435
3436
3437
3438
3439
3440
3441
3442
3443
3444
3445
3446
3447
3448
3449
3450
3451
3452
3453
3454
3455
3456
3457
3458
3459
3460
3461
3462
3463
3464
3465
3466
3467
3468
3469
3470
3471
3472
3473
3474
3475
3476
3477
3478
3479
3480
3481
3482
3483
3484
3485
3486
3487
3488
3489
3490
3491
3492
3493
3494
3495
3496
3497
3498
3499
3500
3501
3502
3503
3504
3505
3506
3507
3508
3509
3510
3511
3512
3513
3514
3515
3516
3517
3518
3519
3520
3521
3522
3523
3524
3525
3526
3527
3528
3529
3530
3531
3532
3533
3534
3535
3536
3537
3538
3539
3540
3541
3542
3543
3544
3545
3546
3547
3548
3549
3550
3551
3552
3553
3554
3555
3556
3557
3558
3559
3560
3561
3562
3563
3564
3565
3566
3567
3568
3569
3570
3571
3572
3573
3574
3575
3576
3577
3578
3579
3580
3581
3582
3583
3584
3585
3586
3587
3588
3589
3590
3591
3592
3593
3594
3595
3596
3597
3598
3599
3600
3601
3602
3603
3604
3605
3606
3607
3608
3609
3610
3611
3612
3613
3614
3615
3616
3617
3618
3619
3620
3621
3622
3623
3624
3625
3626
3627
3628
3629
3630
3631
3632
3633
3634
3635
3636
3637
3638
3639
3640
3641
3642
3643
3644
3645
3646
3647
3648
3649
3650
3651
3652
3653
3654
3655
3656
3657
3658
3659
3660
3661
3662
3663
3664
3665
3666
3667
3668
3669
3670
3671
3672
3673
3674
3675
3676
3677
3678
3679
3680
3681
3682
3683
3684
3685
3686
3687
3688
3689
3690
3691
3692
3693
3694
3695
3696
3697
3698
3699
3700
3701
3702
3703
3704
3705
3706
3707
3708
3709
3710
3711
3712
3713
3714
3715
3716
3717
3718
3719
3720
3721
3722
3723
3724
3725
3726
3727
3728
3729
3730
3731
3732
3733
3734
3735
3736
3737
3738
3739
3740
3741
3742
3743
3744
3745
3746
3747
3748
3749
3750
3751
3752
3753
3754
3755
3756
3757
3758
3759
3760
3761
3762
3763
3764
3765
3766
3767
3768
3769
3770
3771
3772
3773
3774
3775
3776
3777
3778
3779
3780
3781
3782
3783
3784
3785
3786
3787
3788
3789
3790
3791
3792
3793
3794
3795
3796
3797
3798
3799
3800
3801
3802
3803
3804
3805
3806
3807
3808
3809
3810
3811
3812
3813
3814
3815
3816
3817
3818
3819
3820
3821
3822
3823
3824
3825
3826
3827
3828
3829
3830
3831
3832
3833
3834
3835
3836
3837
3838
3839
3840
3841
3842
3843
3844
3845
3846
3847
3848
3849
3850
3851
3852
3853
3854
3855
3856
3857
3858
3859
3860
3861
3862
3863
3864
3865
3866
3867
3868
3869
3870
3871
3872
3873
3874
3875
3876
3877
3878
3879
3880
3881
3882
3883
3884
3885
3886
3887
3888
3889
3890
3891
3892
3893
3894
3895
3896
3897
3898
3899
3900
3901
3902
3903
3904
3905
3906
3907
3908
3909
3910
3911
3912
3913
3914
3915
3916
3917
3918
3919
3920
3921
3922
3923
3924
3925
3926
3927
3928
3929
3930
3931
3932
3933
3934
3935
3936
3937
3938
3939
3940
3941
3942
3943
3944
3945
3946
3947
3948
3949
3950
3951
3952
3953
3954
3955
3956
3957
3958
3959
3960
3961
3962
3963
3964
3965
3966
3967
3968
3969
3970
3971
3972
3973
3974
3975
3976
3977
3978
3979
3980
3981
3982
3983
3984
3985
3986
3987
3988
3989
3990
3991
3992
3993
3994
3995
3996
3997
3998
3999
4000
4001
4002
4003
4004
4005
4006
4007
4008
4009
4010
4011
4012
4013
4014
4015
4016
4017
4018
4019
4020
4021
4022
4023
4024
4025
4026
4027
4028
4029
4030
4031
4032
4033
4034
4035
4036
4037
4038
4039
4040
4041
4042
4043
4044
4045
4046
4047
4048
4049
4050
4051
4052
4053
4054
4055
4056
4057
4058
4059
4060
4061
4062
4063
4064
4065
4066
4067
4068
4069
4070
4071
4072
4073
4074
4075
4076
4077
4078
4079
4080
4081
4082
4083
4084
4085
4086
4087
4088
4089
4090
4091
4092
4093
4094
4095
4096
4097
4098
4099
4100
4101
4102
4103
4104
4105
4106
4107
4108
4109
4110
4111
4112
4113
4114
4115
4116
4117
4118
4119
4120
4121
4122
4123
4124
4125
4126
4127
4128
4129
4130
4131
4132
4133
4134
4135
4136
4137
4138
4139
4140
4141
4142
4143
4144
4145
4146
4147
4148
4149
4150
4151
4152
4153
4154
4155
4156
4157
4158
4159
4160
4161
4162
4163
4164
4165
4166
4167
4168
4169
4170
4171
4172
4173
4174
4175
4176
4177
4178
4179
4180
4181
4182
4183
4184
4185
4186
4187
4188
4189
4190
4191
4192
4193
4194
4195
4196
4197
4198
4199
4200
4201
4202
4203
4204
4205
4206
4207
4208
4209
4210
4211
4212
4213
4214
4215
4216
4217
4218
4219
4220
4221
4222
4223
4224
4225
4226
4227
4228
4229
4230
4231
4232
4233
4234
4235
4236
4237
4238
4239
4240
4241
4242
4243
4244
4245
4246
4247
4248
4249
4250
4251
4252
4253
4254
4255
4256
4257
4258
4259
4260
4261
4262
4263
4264
4265
4266
4267
4268
4269
4270
4271
4272
4273
4274
4275
4276
4277
4278
4279
4280
4281
4282
4283
4284
4285
4286
4287
4288
4289
4290
4291
4292
4293
4294
4295
4296
4297
4298
4299
4300
4301
4302
4303
4304
4305
4306
4307
4308
4309
4310
4311
4312
4313
4314
4315
4316
4317
4318
4319
4320
4321
4322
4323
4324
4325
4326
4327
4328
4329
4330
4331
4332
4333
4334
4335
4336
4337
4338
4339
4340
4341
4342
4343
4344
4345
4346
4347
4348
4349
4350
4351
4352
4353
4354
4355
4356
4357
4358
4359
4360
4361
4362
4363
4364
4365
4366
4367
4368
4369
4370
4371
4372
4373
4374
4375
4376
4377
4378
4379
4380
4381
4382
4383
4384
4385
4386
4387
4388
4389
4390
4391
4392
4393
4394
4395
4396
4397
4398
4399
4400
4401
4402
4403
4404
4405
4406
4407
4408
4409
4410
4411
4412
4413
4414
4415
4416
4417
4418
4419
4420
4421
4422
4423
4424
4425
4426
4427
4428
4429
4430
4431
4432
4433
4434
4435
4436
4437
4438
4439
4440
4441
4442
4443
4444
4445
4446
4447
4448
4449
4450
4451
4452
4453
4454
4455
4456
4457
4458
4459
4460
4461
4462
4463
4464
4465
4466
4467
4468
4469
4470
4471
4472
4473
4474
4475
4476
4477
4478
4479
4480
4481
4482
4483
4484
4485
4486
4487
4488
4489
4490
4491
4492
4493
4494
4495
4496
4497
4498
4499
4500
4501
4502
4503
4504
4505
4506
4507
4508
4509
4510
4511
4512
4513
4514
4515
4516
4517
4518
4519
4520
4521
4522
4523
4524
4525
4526
4527
4528
4529
4530
4531
4532
4533
4534
4535
4536
4537
4538
4539
4540
4541
4542
4543
4544
4545
4546
4547
4548
4549
4550
4551
4552
4553
4554
4555
4556
4557
4558
4559
4560
4561
4562
4563
4564
4565
4566
4567
4568
4569
4570
4571
4572
4573
4574
4575
4576
4577
4578
4579
4580
4581
4582
4583
4584
4585
4586
4587
4588
4589
4590
4591
4592
4593
4594
4595
4596
4597
4598
4599
4600
4601
4602
4603
4604
4605
4606
4607
4608
4609
4610
4611
4612
4613
4614
4615
4616
4617
4618
4619
4620
4621
4622
4623
4624
4625
4626
4627
4628
4629
4630
4631
4632
4633
4634
4635
4636
4637
4638
4639
4640
4641
4642
4643
4644
4645
4646
4647
4648
4649
4650
4651
4652
4653
4654
4655
4656
4657
4658
4659
4660
4661
4662
4663
4664
4665
4666
4667
4668
4669
4670
4671
4672
4673
4674
4675
4676
4677
4678
4679
4680
4681
4682
4683
4684
4685
4686
4687
4688
4689
4690
4691
4692
4693
4694
4695
4696
4697
4698
4699
4700
4701
4702
4703
4704
4705
4706
4707
4708
4709
4710
4711
4712
4713
4714
4715
4716
4717
4718
4719
4720
4721
4722
4723
4724
4725
4726
4727
4728
4729
4730
4731
4732
4733
4734
4735
4736
4737
4738
4739
4740
4741
4742
4743
4744
4745
4746
4747
4748
4749
4750
4751
4752
4753
4754
4755
4756
4757
4758
4759
4760
4761
4762
4763
4764
4765
4766
4767
4768
4769
4770
4771
4772
4773
4774
4775
4776
4777
4778
4779
4780
4781
4782
4783
4784
4785
4786
4787
4788
4789
4790
4791
4792
4793
4794
4795
4796
4797
4798
4799
4800
4801
4802
4803
4804
4805
4806
4807
4808
4809
4810
4811
4812
4813
4814
4815
4816
4817
4818
4819
4820
4821
4822
4823
4824
4825
4826
4827
4828
4829
4830
4831
4832
4833
4834
4835
4836
4837
4838
4839
4840
4841
4842
4843
4844
4845
4846
4847
4848
4849
4850
4851
4852
4853
4854
4855
4856
4857
4858
4859
4860
4861
4862
4863
4864
4865
4866
4867
4868
4869
4870
4871
4872
4873
4874
4875
4876
4877
4878
4879
4880
4881
4882
4883
4884
4885
4886
4887
4888
4889
4890
4891
4892
4893
4894
4895
4896
4897
4898
4899
4900
4901
4902
4903
4904
4905
4906
4907
4908
4909
4910
4911
4912
4913
4914
4915
4916
4917
4918
4919
4920
4921
4922
4923
4924
4925
4926
4927
4928
4929
4930
4931
4932
4933
4934
4935
4936
4937
4938
4939
4940
4941
4942
4943
4944
4945
4946
4947
4948
4949
4950
4951
4952
4953
4954
4955
4956
4957
4958
4959
4960
4961
4962
4963
4964
4965
4966
4967
4968
4969
4970
4971
4972
4973
4974
4975
4976
4977
4978
4979
4980
4981
4982
4983
4984
4985
4986
4987
4988
4989
4990
4991
4992
4993
4994
4995
4996
4997
4998
4999
5000
5001
5002
5003
5004
5005
5006
5007
5008
5009
5010
5011
5012
5013
5014
5015
5016
5017
5018
5019
5020
5021
5022
5023
5024
5025
5026
5027
5028
5029
5030
5031
5032
5033
5034
5035
5036
5037
5038
5039
5040
5041
5042
5043
5044
5045
5046
5047
5048
5049
5050
5051
5052
5053
5054
5055
5056
5057
5058
5059
5060
5061
5062
5063
5064
5065
5066
5067
5068
5069
5070
5071
5072
5073
5074
5075
5076
5077
5078
5079
5080
5081
5082
5083
5084
5085
5086
5087
5088
5089
5090
5091
5092
5093
5094
5095
5096
5097
5098
5099
5100
5101
5102
5103
5104
5105
5106
5107
5108
5109
5110
5111
5112
5113
5114
5115
5116
5117
5118
5119
5120
5121
5122
5123
5124
5125
5126
5127
5128
5129
5130
5131
5132
5133
5134
5135
5136
5137
5138
5139
5140
5141
5142
5143
5144
5145
5146
5147
5148
5149
5150
5151
5152
5153
5154
5155
5156
5157
5158
5159
5160
5161
5162
5163
5164
5165
5166
5167
5168
5169
5170
5171
5172
5173
5174
5175
5176
5177
5178
5179
5180
5181
5182
5183
5184
5185
5186
5187
5188
5189
5190
5191
5192
5193
5194
5195
5196
5197
5198
5199
5200
5201
5202
5203
5204
5205
5206
5207
5208
5209
5210
5211
5212
5213
5214
5215
5216
5217
5218
5219
5220
5221
5222
5223
5224
5225
5226
5227
5228
5229
5230
5231
5232
5233
5234
5235
5236
5237
5238
5239
5240
5241
5242
5243
5244
5245
5246
5247
5248
5249
5250
5251
5252
5253
5254
5255
5256
5257
5258
5259
5260
5261
5262
5263
5264
5265
5266
5267
5268
5269
5270
5271
5272
5273
5274
5275
5276
5277
5278
5279
5280
5281
5282
5283
5284
5285
5286
5287
5288
5289
5290
5291
5292
5293
5294
5295
5296
5297
5298
5299
5300
5301
5302
5303
5304
5305
5306
5307
5308
5309
5310
5311
5312
5313
5314
5315
5316
5317
5318
5319
5320
5321
5322
5323
5324
5325
5326
5327
5328
5329
5330
5331
5332
5333
5334
5335
5336
5337
5338
5339
5340
5341
5342
5343
5344
5345
5346
5347
5348
5349
5350
5351
5352
5353
5354
5355
5356
5357
5358
5359
5360
5361
5362
5363
5364
5365
5366
5367
5368
5369
5370
5371
5372
5373
5374
5375
5376
5377
5378
5379
5380
5381
5382
5383
5384
5385
5386
5387
5388
5389
5390
5391
5392
5393
5394
5395
5396
5397
5398
5399
5400
5401
5402
5403
5404
5405
5406
5407
5408
5409
5410
5411
5412
5413
5414
5415
5416
5417
5418
5419
5420
5421
5422
5423
5424
5425
5426
5427
5428
5429
5430
5431
5432
5433
5434
5435
5436
5437
5438
5439
5440
5441
5442
5443
5444
5445
5446
5447
5448
5449
5450
5451
5452
5453
5454
5455
5456
5457
5458
5459
5460
5461
5462
5463
5464
5465
5466
5467
5468
5469
5470
5471
5472
5473
5474
5475
5476
5477
5478
5479
5480
5481
5482
5483
5484
5485
5486
5487
5488
5489
5490
5491
5492
5493
5494
5495
5496
5497
5498
5499
5500
5501
5502
5503
5504
5505
5506
5507
5508
5509
5510
5511
5512
5513
5514
5515
5516
5517
5518
5519
5520
5521
5522
5523
5524
5525
5526
5527
5528
5529
5530
5531
5532
5533
5534
5535
5536
5537
5538
5539
5540
5541
5542
5543
5544
5545
5546
5547
5548
5549
5550
5551
5552
5553
5554
5555
5556
5557
5558
5559
5560
5561
5562
5563
5564
5565
5566
5567
5568
5569
5570
5571
5572
5573
5574
5575
5576
5577
5578
5579
5580
5581
5582
5583
5584
5585
5586
5587
5588
5589
5590
5591
5592
5593
5594
5595
5596
5597
5598
5599
5600
5601
5602
5603
5604
5605
5606
5607
5608
5609
5610
5611
5612
5613
5614
5615
5616
5617
5618
5619
5620
5621
5622
5623
5624
5625
5626
5627
5628
5629
5630
5631
5632
5633
5634
5635
5636
5637
5638
5639
5640
5641
5642
5643
5644
5645
5646
5647
5648
5649
5650
5651
5652
5653
5654
5655
5656
5657
5658
5659
5660
5661
5662
5663
5664
5665
5666
5667
5668
5669
5670
5671
5672
5673
5674
5675
5676
5677
5678
5679
5680
5681
5682
5683
5684
5685
5686
5687
5688
5689
5690
5691
5692
5693
5694
5695
5696
5697
5698
5699
5700
5701
5702
5703
5704
5705
5706
5707
5708
5709
5710
5711
5712
5713
5714
5715
5716
5717
5718
5719
5720
5721
5722
5723
5724
5725
5726
5727
5728
5729
5730
5731
5732
5733
5734
5735
5736
5737
5738
5739
5740
5741
5742
5743
5744
5745
5746
5747
5748
5749
5750
5751
5752
5753
5754
5755
5756
5757
5758
5759
5760
5761
5762
5763
5764
5765
5766
5767
5768
5769
5770
5771
5772
5773
5774
5775
5776
5777
5778
5779
5780
5781
5782
5783
5784
5785
5786
5787
5788
5789
5790
5791
5792
5793
5794
5795
5796
5797
5798
5799
5800
5801
5802
5803
5804
5805
5806
5807
5808
5809
5810
5811
5812
5813
5814
5815
5816
5817
5818
5819
5820
5821
5822
5823
5824
5825
5826
5827
5828
5829
5830
5831
5832
5833
5834
5835
5836
5837
5838
5839
5840
5841
5842
5843
5844
5845
5846
5847
5848
5849
5850
5851
5852
5853
5854
5855
5856
5857
5858
5859
5860
5861
5862
5863
5864
5865
5866
5867
5868
5869
5870
5871
5872
5873
5874
5875
5876
5877
5878
5879
5880
5881
5882
5883
5884
5885
5886
5887
5888
5889
5890
5891
5892
5893
5894
5895
5896
5897
5898
5899
5900
5901
5902
5903
5904
5905
5906
5907
5908
5909
5910
5911
5912
5913
5914
5915
5916
5917
5918
5919
5920
5921
5922
5923
5924
5925
5926
5927
5928
5929
5930
5931
5932
5933
5934
5935
5936
5937
5938
5939
5940
5941
5942
5943
5944
5945
5946
5947
5948
5949
5950
5951
5952
5953
5954
5955
5956
5957
5958
5959
5960
5961
5962
5963
5964
5965
5966
5967
5968
5969
5970
5971
5972
5973
5974
5975
5976
5977
5978
5979
5980
5981
5982
5983
5984
5985
5986
5987
5988
5989
5990
5991
5992
5993
5994
5995
5996
5997
5998
5999
6000
1756677451
1756677452
1756677453
1756677454
1756677455
1756677456
1756677457
1756677458
1756677459
1756677460
1756677461
1756677462
1756677463
1756677464
1756677465
1756677466
1756677467
1756677468
1756677469
1756677470
1756677471
1756677472
1756677473
1756677474
1756677475
1756677476
1756677477
1756677478
1756677479
1756677480
1756677481
1756677482
1756677483
1756677484
1756677485
1756677486
1756677487
1756677488
1756677489
1756677490
1756677491
1756677492
1756677493
1756677494
1756677495
1756677496
1756677497
1756677498
1756677499
1756677500
1756677501
1756677502
1756677503
1756677504
1756677505
1756677506
1756677507
1756677508
1756677509
1756677510
1756677511
1756677512
1756677513
1756677514
1756677515
1756677516
1756677517
1756677518
1756677519
1756677520
1756677521
1756677522
1756677523
1756677524
1756677525
1756677526
1756677527
1756677528
1756677529
1756677530
1756677531
1756677532
1756677533
1756677534
1756677535
1756677536
1756677537
1756677538
1756677539
1756677540
1756677541
1756677542
1756677543
1756677544
1756677545
1756677546
1756677547
1756677548
1756677549
1756677550
1756677551
1756677552
1756677553
1756677554
1756677555
1756677556
1756677557
1756677558
1756677559
1756677560
1756677561
1756677562
1756677563
1756677564
1756677565
1756677566
1756677567
1756677568
1756677569
1756677570
1756677571
1756677572
1756677573
1756677574
1756677575
1756677576
1756677577
1756677578
1756677579
1756677580
1756677581
1756677582
1756677583
1756677584
1756677585
1756677586
1756677587
1756677588
1756677589
1756677590
1756677591
1756677592
1756677593
1756677594
1756677595
1756677596
1756677597
1756677598
1756677599
1756677600
1756677601
1756677602
1756677603
1756677604
1756677605
1756677606
1756677607
1756677608
1756677609
1756677610
1756677611
1756677612
1756677613
1756677614
1756677615
1756677616
1756677617
1756677618
1756677619
1756677620
1756677621
1756677622
1756677623
1756677624
1756677625
1756677626
1756677627
1756677628
1756677629
1756677630
1756677631
1756677632
1756677633
1756677634
1756677635
1756677636
1756677637
1756677638
1756677639
1756677640
1756677641
1756677642
1756677643
1756677644
1756677645
1756677646
1756677647
1756677648
1756677649
1756677650
1756677651
1756677652
1756677653
1756677654
1756677655
1756677656
1756677657
1756677658
1756677659
1756677660
1756677661
1756677662
1756677663
1756677664
1756677665
1756677666
1756677667
1756677668
1756677669
1756677670
1756677671
1756677672
1756677673
1756677674
1756677675
1756678451
1756678452
1756678453
1756678454
1756678455
1756678456
1756678457
1756678458
1756678459
1756678460
1756678461
1756678462
1756678463
1756678464
1756678465
1756678466
1756678467
1756678468
1756678469
1756678470
1756678471
1756678472
1756678473
1756678474
1756678475
1756678476
1756678477
1756678478
1756678479
1756678480
1756678481
1756678482
1756678483
1756678484
1756678485
1756678486
1756678487
1756678488
1756678489
1756678490
1756678491
1756678492
1756678493
1756678494
1756678495
1756678496
1756678497
1756678498
1756678499
1756678500
1756678501
1756678502
1756678503
1756678504
1756678505
1756678506
1756678507
1756678508
1756678509
1756678510
1756678511
1756678512
1756678513
1756678514
1756678515
1756678516
1756678517
1756678518
1756678519
1756678520
1756678521
1756678522
1756678523
1756678524
1756678525
1756678526
1756678527
1756678528
1756678529
1756678530
1756678531
1756678532
1756678533
1756678534
1756678535
1756678536
1756678537
1756678538
1756678539
1756678540
1756678541
1756678542
1756678543
1756678544
1756678545
1756678546
1756678547
1756678548
1756678549
1756678550
1756678551
1756678552
1756678553
1756678554
1756678555
1756678556
1756678557
1756678558
1756678559
1756678560
1756678561
1756678562
1756678563
1756678564
1756678565
1756678566
1756678567
1756678568
1756678569
1756678570
1756678571
1756678572
1756678573
1756678574
1756678575
1756678576
1756678577
1756678578
1756678579
1756678580
1756678581
1756678582
1756678583
1756678584
1756678585
1756678586
1756678587
1756678588
1756678589
1756678590
1756678591
1756678592
1756678593
1756678594
1756678595
1756678596
1756678597
1756678598
1756678599
1756678600
1756678601
1756678602
1756678603
1756678604
1756678605
1756678606
1756678607
1756678608
1756678609
1756678610
1756678611
1756678612
1756678613
1756678614
1756678615
1756678616
1756678617
1756678618
1756678619
1756678620
1756678621
1756678622
1756678623
1756678624
1756678625
1756678626
1756678627
1756678628
1756678629
1756678630
1756678631
1756678632
1756678633
1756678634
1756678635
1756678636
1756678637
1756678638
1756678639
1756678640
1756678641
1756678642
1756678643
1756678644
1756678645
1756678646
1756678647
1756678648
1756678649
1756678650
1756678651
1756678652
1756678653
1756678654
1756678655
1756678656
1756678657
1756678658
1756678659
1756678660
1756678661
1756678662
1756678663
1756678664
1756678665
1756678666
1756678667
1756678668
1756678669
1756678670
1756678671
1756678672
1756678673
1756678674
1756678675
1756679451
1756679452
1756679453
1756679454
1756679455
1756679456
1756679457
1756679458
1756679459
1756679460
1756679461
1756679462
1756679463
1756679464
1756679465
1756679466
1756679467
1756679468
1756679469
1756679470
1756679471
1756679472
1756679473
1756679474
1756679475
1756679476
1756679477
1756679478
1756679479
1756679480
1756679481
1756679482
1756679483
1756679484
1756679485
1756679486
1756679487
1756679488
1756679489
1756679490
1756679491
1756679492
1756679493
1756679494
1756679495
1756679496
1756679497
1756679498
1756679499
1756679500
1756679501
1756679502
1756679503
1756679504
1756679505
1756679506
1756679507
1756679508
1756679509
1756679510
1756679511
1756679512
1756679513
1756679514
1756679515
1756679516
1756679517
1756679518
1756679519
1756679520
1756679521
1756679522
1756679523
1756679524
1756679525
1756679526
1756679527
1756679528
1756679529
1756679530
1756679531
1756679532
1756679533
1756679534
1756679535
1756679536
1756679537
1756679538
1756679539
1756679540
1756679541
1756679542
1756679543
1756679544
1756679545
1756679546
1756679547
1756679548
1756679549
1756679550
1756679551
1756679552
1756679553
1756679554
1756679555
1756679556
1756679557
1756679558
1756679559
1756679560
1756679561
1756679562
1756679563
1756679564
1756679565
1756679566
1756679567
1756679568
1756679569
1756679570
1756679571
1756679572
1756679573
1756679574
1756679575
1756679576
1756679577
1756679578
1756679579
1756679580
1756679581
1756679582
1756679583
1756679584
1756679585
1756679586
1756679587
1756679588
1756679589
1756679590
1756679591
1756679592
1756679593
1756679594
1756679595
1756679596
1756679597
1756679598
1756679599
1756679600
1756679601
1756679602
1756679603
1756679604
1756679605
1756679606
1756679607
1756679608
1756679609
1756679610
1756679611
1756679612
1756679613
1756679614
1756679615
1756679616
1756679617
1756679618
1756679619
1756679620
1756679621
1756679622
1756679623
1756679624
1756679625
1756679626
1756679627
1756679628
1756679629
1756679630
1756679631
1756679632
1756679633
1756679634
1756679635
1756679636
1756679637
1756679638
1756679639
1756679640
1756679641
1756679642
1756679643
1756679644
1756679645
1756679646
1756679647
1756679648
1756679649
1756679650
1756679651
1756679652
1756679653
1756679654
1756679655
1756679656
1756679657
1756679658
1756679659
1756679660
1756679661
1756679662
1756679663
1756679664
1756679665
1756679666
1756679667
1756679668
1756679669
1756679670
1756679671
1756679672
1756679673
1756679674
1756679675
1756680451
1756680452
1756680453
1756680454
1756680455
1756680456
1756680457
1756680458
1756680459
1756680460
1756680461
1756680462
1756680463
1756680464
1756680465
1756680466
1756680467
1756680468
1756680469
1756680470
1756680471
1756680472
1756680473
1756680474
1756680475
1756680476
1756680477
1756680478
1756680479
1756680480
1756680481
1756680482
1756680483
1756680484
1756680485
1756680486
1756680487
1756680488
1756680489
1756680490
1756680491
1756680492
1756680493
1756680494
1756680495
1756680496
1756680497
1756680498
1756680499
1756680500
1756680501
1756680502
1756680503
1756680504
1756680505
1756680506
1756680507
1756680508
1756680509
1756680510
1756680511
1756680512
1756680513
1756680514
1756680515
1756680516
1756680517
1756680518
1756680519
1756680520
1756680521
1756680522
1756680523
1756680524
1756680525
1756680526
1756680527
1756680528
1756680529
1756680530
1756680531
1756680532
1756680533
1756680534
1756680535
1756680536
1756680537
1756680538
1756680539
1756680540
1756680541
1756680542
1756680543
1756680544
1756680545
1756680546
1756680547
1756680548
1756680549
1756680550
1756680551
1756680552
1756680553
1756680554
1756680555
1756680556
1756680557
1756680558
1756680559
1756680560
1756680561
1756680562
1756680563
1756680564
1756680565
1756680566
1756680567
1756680568
1756680569
1756680570
1756680571
1756680572
1756680573
1756680574
1756680575
1756680576
1756680577
1756680578
1756680579
1756680580
1756680581
1756680582
1756680583
1756680584
1756680585
1756680586
1756680587
1756680588
1756680589
1756680590
1756680591
1756680592
1756680593
1756680594
1756680595
1756680596
1756680597
1756680598
1756680599
1756680600
1756680601
1756680602
1756680603
1756680604
1756680605
1756680606
1756680607
1756680608
1756680609
1756680610
1756680611
1756680612
1756680613
1756680614
1756680615
1756680616
1756680617
1756680618
1756680619
1756680620
1756680621
1756680622
1756680623
1756680624
1756680625
1756680626
1756680627
1756680628
1756680629
1756680630
1756680631
1756680632
1756680633
1756680634
1756680635
1756680636
1756680637
1756680638
1756680639
1756680640
1756680641
1756680642
1756680643
1756680644
1756680645
1756680646
1756680647
1756680648
1756680649
1756680650
1756680651
1756680652
1756680653
1756680654
1756680655
1756680656
1756680657
1756680658
1756680659
1756680660
1756680661
1756680662
1756680663
1756680664
1756680665
1756680666
1756680667
1756680668
1756680669
1756680670
1756680671
1756680672
1756680673
1756680674
1756680675
1756681451
1756681452
1756681453
1756681454
1756681455
1756681456
1756681457
1756681458
1756681459
1756681460
1756681461
1756681462
1756681463
1756681464
1756681465
1756681466
1756681467
1756681468
1756681469
1756681470
1756681471
1756681472
1756681473
1756681474
1756681475
1756681476
1756681477
1756681478
1756681479
1756681480
1756681481
1756681482
1756681483
1756681484
1756681485
1756681486
1756681487
1756681488
1756681489
1756681490
1756681491
1756681492
1756681493
1756681494
1756681495
1756681496
1756681497
1756681498
1756681499
1756681500
1756681501
1756681502
1756681503
1756681504
1756681505
1756681506
1756681507
1756681508
1756681509
1756681510
1756681511
1756681512
1756681513
1756681514
1756681515
1756681516
1756681517
1756681518
1756681519
1756681520
1756681521
1756681522
1756681523
1756681524
1756681525
1756681526
1756681527
1756681528
1756681529
1756681530
1756681531
1756681532
1756681533
1756681534
1756681535
1756681536
1756681537
1756681538
1756681539
1756681540
1756681541
1756681542
1756681543
1756681544
1756681545
1756681546
1756681547
1756681548
1756681549
1756681550
1756681551
1756681552
1756681553
1756681554
1756681555
1756681556
1756681557
1756681558
1756681559
1756681560
1756681561
1756681562
1756681563
1756681564
1756681565
1756681566
1756681567
1756681568
1756681569
1756681570
1756681571
1756681572
1756681573
1756681574
1756681575
1756681576
1756681577
1756681578
1756681579
1756681580
1756681581
1756681582
1756681583
1756681584
1756681585
1756681586
1756681587
1756681588
1756681589
1756681590
1756681591
1756681592
1756681593
1756681594
1756681595
1756681596
1756681597
1756681598
1756681599
1756681600
1756681601
1756681602
1756681603
1756681604
1756681605
1756681606
1756681607
1756681608
1756681609
1756681610
1756681611
1756681612
1756681613
1756681614
1756681615
1756681616
1756681617
1756681618
1756681619
1756681620
1756681621
1756681622
1756681623
1756681624
1756681625
1756681626
1756681627
1756681628
1756681629
1756681630
1756681631
1756681632
1756681633
1756681634
1756681635
1756681636
1756681637
1756681638
1756681639
1756681640
1756681641
1756681642
1756681643
1756681644
1756681645
1756681646
1756681647
1756681648
1756681649
1756681650
1756681651
1756681652
1756681653
1756681654
1756681655
1756681656
1756681657
1756681658
1756681659
1756681660
1756681661
1756681662
1756681663
1756681664
1756681665
1756681666
1756681667
1756681668
1756681669
1756681670
1756681671
1756681672
1756681673
1756681674
1756681675
1756682451
1756682452
1756682453
1756682454
1756682455
1756682456
1756682457
1756682458
1756682459
1756682460
1756682461
1756682462
1756682463
1756682464
1756682465
1756682466
1756682467
1756682468
1756682469
1756682470
1756682471
1756682472
1756682473
1756682474
1756682475
1756682476
1756682477
1756682478
1756682479
1756682480
1756682481
1756682482
1756682483
1756682484
1756682485
1756682486
1756682487
1756682488
1756682489
1756682490
1756682491
1756682492
1756682493
1756682494
1756682495
1756682496
1756682497
1756682498
1756682499
1756682500
1756682501
1756682502
1756682503
1756682504
1756682505
1756682506
1756682507
1756682508
1756682509
1756682510
1756682511
1756682512
1756682513
1756682514
1756682515
1756682516
1756682517
1756682518
1756682519
1756682520
1756682521
1756682522
1756682523
1756682524
1756682525
1756682526
1756682527
1756682528
1756682529
1756682530
1756682531
1756682532
1756682533
1756682534
1756682535
1756682536
1756682537
1756682538
1756682539
1756682540
1756682541
1756682542
1756682543
1756682544
1756682545
1756682546
1756682547
1756682548
1756682549
1756682550
1756682551
1756682552
1756682553
1756682554
1756682555
1756682556
1756682557
1756682558
1756682559
1756682560
1756682561
1756682562
1756682563
1756682564
1756682565
1756682566
1756682567
1756682568
1756682569
1756682570
1756682571
1756682572
1756682573
1756682574
1756682575
1756682576
1756682577
1756682578
1756682579
1756682580
1756682581
1756682582
1756682583
1756682584
1756682585
1756682586
1756682587
1756682588
1756682589
1756682590
1756682591
1756682592
1756682593
1756682594
1756682595
1756682596
1756682597
1756682598
1756682599
1756682600
1756682601
1756682602
1756682603
1756682604
1756682605
1756682606
1756682607
1756682608
1756682609
1756682610
1756682611
1756682612
1756682613
1756682614
1756682615
1756682616
1756682617
1756682618
1756682619
1756682620
1756682621
1756682622
1756682623
1756682624
1756682625
1756682626
1756682627
1756682628
1756682629
1756682630
1756682631
1756682632
1756682633
1756682634
1756682635
1756682636
1756682637
1756682638
1756682639
1756682640
1756682641
1756682642
1756682643
1756682644
1756682645
1756682646
1756682647
1756682648
1756682649
1756682650
1756682651
1756682652
1756682653
1756682654
1756682655
1756682656
1756682657
1756682658
1756682659
1756682660
1756682661
1756682662
1756682663
1756682664
1756682665
1756682666
1756682667
1756682668
1756682669
1756682670
1756682671
1756682672
1756682673
1756682674
1756682675
1756683451
1756683452
1756683453
1756683454
1756683455
1756683456
1756683457
1756683458
1756683459
1756683460
1756683461
1756683462
1756683463
1756683464
1756683465
1756683466
1756683467
1756683468
1756683469
1756683470
1756683471
1756683472
1756683473
1756683474
1756683475
1756683476
1756683477
1756683478
1756683479
1756683480
1756683481
1756683482
1756683483
1756683484
1756683485
1756683486
1756683487
1756683488
1756683489
1756683490
1756683491
1756683492
1756683493
1756683494
1756683495
1756683496
1756683497
1756683498
1756683499
1756683500
1756683501
1756683502
1756683503
1756683504
1756683505
1756683506
1756683507
1756683508
1756683509
1756683510
1756683511
1756683512
1756683513
1756683514
1756683515
1756683516
1756683517
1756683518
1756683519
1756683520
1756683521
1756683522
1756683523
1756683524
1756683525
1756683526
1756683527
1756683528
1756683529
1756683530
1756683531
1756683532
1756683533
1756683534
1756683535
1756683536
1756683537
1756683538
1756683539
1756683540
1756683541
1756683542
1756683543
1756683544
1756683545
1756683546
1756683547
1756683548
1756683549
1756683550
1756683551
1756683552
1756683553
1756683554
1756683555
1756683556
1756683557
1756683558
1756683559
1756683560
1756683561
1756683562
1756683563
1756683564
1756683565
1756683566
1756683567
1756683568
1756683569
1756683570
1756683571
1756683572
1756683573
1756683574
1756683575
1756683576
1756683577
1756683578
1756683579
1756683580
1756683581
1756683582
1756683583
1756683584
1756683585
1756683586
1756683587
1756683588
1756683589
1756683590
1756683591
1756683592
1756683593
1756683594
1756683595
1756683596
1756683597
1756683598
1756683599
1756683600
1756683601
1756683602
1756683603
1756683604
1756683605
1756683606
1756683607
1756683608
1756683609
1756683610
1756683611
1756683612
1756683613
1756683614
1756683615
1756683616
1756683617
1756683618
1756683619
1756683620
1756683621
1756683622
1756683623
1756683624
1756683625
1756683626
1756683627
1756683628
1756683629
1756683630
1756683631
1756683632
1756683633
1756683634
1756683635
1756683636
1756683637
1756683638
1756683639
1756683640
1756683641
1756683642
1756683643
1756683644
1756683645
1756683646
1756683647
1756683648
1756683649
1756683650
1756683651
1756683652
1756683653
1756683654
1756683655
1756683656
1756683657
1756683658
1756683659
1756683660
1756683661
1756683662
1756683663
1756683664
1756683665
1756683666
1756683667
1756683668
1756683669
1756683670
1756683671
1756683672
1756683673
1756683674
1756683675
1756684451
1756684452
1756684453
1756684454
1756684455
1756684456
1756684457
1756684458
1756684459
1756684460
1756684461
1756684462
1756684463
1756684464
1756684465
1756684466
1756684467
1756684468
1756684469
1756684470
1756684471
1756684472
1756684473
1756684474
1756684475
1756684476
1756684477
1756684478
1756684479
1756684480
1756684481
1756684482
1756684483
1756684484
1756684485
1756684486
1756684487
1756684488
1756684489
1756684490
1756684491
1756684492
1756684493
1756684494
1756684495
1756684496
1756684497
1756684498
1756684499
1756684500
1756684501
1756684502
1756684503
1756684504
1756684505
1756684506
1756684507
1756684508
1756684509
1756684510
1756684511
1756684512
1756684513
1756684514
1756684515
1756684516
1756684517
1756684518
1756684519
1756684520
1756684521
1756684522
1756684523
1756684524
1756684525
1756684526
1756684527
1756684528
1756684529
1756684530
1756684531
1756684532
1756684533
1756684534
1756684535
1756684536
1756684537
1756684538
1756684539
1756684540
1756684541
1756684542
1756684543
1756684544
1756684545
1756684546
1756684547
1756684548
1756684549
1756684550
1756684551
1756684552
1756684553
1756684554
1756684555
1756684556
1756684557
1756684558
1756684559
1756684560
1756684561
1756684562
1756684563
1756684564
1756684565
1756684566
1756684567
1756684568
1756684569
1756684570
1756684571
1756684572
1756684573
1756684574
1756684575
1756684576
1756684577
1756684578
1756684579
1756684580
1756684581
1756684582
1756684583
1756684584
1756684585
1756684586
1756684587
1756684588
1756684589
1756684590
1756684591
1756684592
1756684593
1756684594
1756684595
1756684596
1756684597
1756684598
1756684599
1756684600
1756684601
1756684602
1756684603
1756684604
1756684605
1756684606
1756684607
1756684608
1756684609
1756684610
1756684611
1756684612
1756684613
1756684614
1756684615
1756684616
1756684617
1756684618
1756684619
1756684620
1756684621
1756684622
1756684623
1756684624
1756684625
1756684626
1756684627
1756684628
1756684629
1756684630
1756684631
1756684632
1756684633
1756684634
1756684635
1756684636
1756684637
1756684638
1756684639
1756684640
1756684641
1756684642
1756684643
1756684644
1756684645
1756684646
1756684647
1756684648
1756684649
1756684650
1756684651
1756684652
1756684653
1756684654
1756684655
1756684656
1756684657
1756684658
1756684659
1756684660
1756684661
1756684662
1756684663
1756684664
1756684665
1756684666
1756684667
1756684668
1756684669
1756684670
1756684671
1756684672
1756684673
1756684674
1756684675
1757343439
1757343440
1757343441
1757343442
1757343443
1757343444
1757343445
1757343446
1757343447
1757343448
1757343449
1757343450
1757343451
1757343452
1757343453
1757343454
1757343455
1757343456
1757343457
1757343458
1757343459
1757343460
1757343461
1757343462
1757343463
1757343464
1757343465
1757343466
1757343467
1757343468
1757343469
1757343470
1757343471
1757343472
1757343473
1757343474
1757343475
1757343476
1757343477
1757343478
1757343479
1757343480
1757343481
1757343482
1757343483
1757343484
1757343485
1757343486
1757343487
1757343488
1757343489
1757343490
1757343491
1757343492
1757343493
1757343494
1757343495
1757343496
1757343497
1757343498
1757343499
1757343500
1757343501
1757343502
1757343503
1757343504
1757343505
1757343506
1757343507
1757343508
1757343509
1757343510
1757343511
1757343512
1757343513
1757343514
1757343515
1757343516
1757343517
1757343518
1757343519
1757343520
1757343521
1757343522
1757343523
1757343524
1757343525
1757343526
1757343527
1757343528
1757343529
1757343530
1757343531
1757343532
1757343533
1757343534
1757343535
1757343536
1757343537
1757343538
1757343539
1757343540
1757343541
1757343542
1757343543
1757343544
1757343545
1757343546
1757343547
1757343548
1757343549
1757343550
1757343551
1757343552
1757343553
1757343554
1757343555
1757343556
1757343557
1757343558
1757343559
1757343560
1757343561
1757343562
1757343563
1757343564
1757343565
1757343566
1757343567
1757343568
1757343569
1757343570
1757343571
1757343572
1757343573
1757343574
1757343575
1757343576
1757343577
1757343578
1757343579
1757343580
1757343581
1757343582
1757343583
1757343584
1757343585
1757343586
1757343587
1757343588
1757343589
1757343590
1757343591
1757343592
1757343593
1757343594
1757343595
1757343596
1757343597
1757343598
1757343599
1757343600
1757343601
1757343602
1757343603
1757343604
1757343605
1757343606
1757343607
1757343608
1757343609
1757343610
1757343611
1757343612
1757343613
1757343614
1757343615
1757343616
1757343617
1757343618
1757343619
1757343620
1757343621
1757343622
1757343623
1757343624
1757343625
1757343626
1757343627
1757343628
1757343629
1757343630
1757343631
1757343632
1757343633
1757343634
1757343635
1757343636
1757343637
1757343638
1757343639
1757343640
1757343641
1757343642
1757343643
1757343644
1757343645
1757343646
1757343647
1757343648
1757343649
1757343650
1757343651
1757343652
1757343653
1757343654
1757343655
1757343656
1757343657
1757343658
1757343659
1757343660
1757343661
1757343662
1757343663
1757344439
1757344440
1757344441
1757344442
1757344443
1757344444
1757344445
1757344446
1757344447
1757344448
1757344449
1757344450
1757344451
1757344452
1757344453
1757344454
1757344455
1757344456
1757344457
1757344458
1757344459
1757344460
1757344461
1757344462
1757344463
1757344464
1757344465
1757344466
1757344467
1757344468
1757344469
1757344470
1757344471
1757344472
1757344473
1757344474
1757344475
1757344476
1757344477
1757344478
1757344479
1757344480
1757344481
1757344482
1757344483
1757344484
1757344485
1757344486
1757344487
1757344488
1757344489
1757344490
1757344491
1757344492
1757344493
1757344494
1757344495
1757344496
1757344497
1757344498
1757344499
1757344500
1757344501
1757344502
1757344503
1757344504
1757344505
1757344506
1757344507
1757344508
1757344509
1757344510
1757344511
1757344512
1757344513
1757344514
1757344515
1757344516
1757344517
1757344518
1757344519
1757344520
1757344521
1757344522
1757344523
1757344524
1757344525
1757344526
1757344527
1757344528
1757344529
1757344530
1757344531
1757344532
1757344533
1757344534
1757344535
1757344536
1757344537
1757344538
1757344539
1757344540
1757344541
1757344542
1757344543
1757344544
1757344545
1757344546
1757344547
1757344548
1757344549
1757344550
1757344551
1757344552
1757344553
1757344554
1757344555
1757344556
1757344557
1757344558
1757344559
1757344560
1757344561
1757344562
1757344563
1757344564
1757344565
1757344566
1757344567
1757344568
1757344569
1757344570
1757344571
1757344572
1757344573
1757344574
1757344575
1757344576
1757344577
1757344578
1757344579
1757344580
1757344581
1757344582
1757344583
1757344584
1757344585
1757344586
1757344587
1757344588
1757344589
1757344590
1757344591
1757344592
1757344593
1757344594
1757344595
1757344596
1757344597
1757344598
1757344599
1757344600
1757344601
1757344602
1757344603
1757344604
1757344605
1757344606
1757344607
1757344608
1757344609
1757344610
1757344611
1757344612
1757344613
1757344614
1757344615
1757344616
1757344617
1757344618
1757344619
1757344620
1757344621
1757344622
1757344623
1757344624
1757344625
1757344626
1757344627
1757344628
1757344629
1757344630
1757344631
1757344632
1757344633
1757344634
1757344635
1757344636
1757344637
1757344638
1757344639
1757344640
1757344641
1757344642
1757344643
1757344644
1757344645
1757344646
1757344647
1757344648
1757344649
1757344650
1757344651
1757344652
1757344653
1757344654
1757344655
1757344656
1757344657
1757344658
1757344659
1757344660
1757344661
1757344662
1757344663
1757345439
1757345440
1757345441
1757345442
1757345443
1757345444
1757345445
1757345446
1757345447
1757345448
1757345449
1757345450
1757345451
1757345452
1757345453
1757345454
1757345455
1757345456
1757345457
1757345458
1757345459
1757345460
1757345461
1757345462
1757345463
1757345464
1757345465
1757345466
1757345467
1757345468
1757345469
1757345470
1757345471
1757345472
1757345473
1757345474
1757345475
1757345476
1757345477
1757345478
1757345479
1757345480
1757345481
1757345482
1757345483
1757345484
1757345485
1757345486
1757345487
1757345488
1757345489
1757345490
1757345491
1757345492
1757345493
1757345494
1757345495
1757345496
1757345497
1757345498
1757345499
1757345500
1757345501
1757345502
1757345503
1757345504
1757345505
1757345506
1757345507
1757345508
1757345509
1757345510
1757345511
1757345512
1757345513
1757345514
1757345515
1757345516
1757345517
1757345518
1757345519
1757345520
1757345521
1757345522
1757345523
1757345524
1757345525
1757345526
1757345527
1757345528
1757345529
1757345530
1757345531
1757345532
1757345533
1757345534
1757345535
1757345536
1757345537
1757345538
1757345539
1757345540
1757345541
1757345542
1757345543
1757345544
1757345545
1757345546
1757345547
1757345548
1757345549
1757345550
1757345551
1757345552
1757345553
1757345554
1757345555
1757345556
1757345557
1757345558
1757345559
1757345560
1757345561
1757345562
1757345563
1757345564
1757345565
1757345566
1757345567
1757345568
1757345569
1757345570
1757345571
1757345572
1757345573
1757345574
1757345575
1757345576
1757345577
1757345578
1757345579
1757345580
1757345581
1757345582
1757345583
1757345584
1757345585
1757345586
1757345587
1757345588
1757345589
1757345590
1757345591
1757345592
1757345593
1757345594
1757345595
1757345596
1757345597
1757345598
1757345599
1757345600
1757345601
1757345602
1757345603
1757345604
1757345605
1757345606
1757345607
1757345608
1757345609
1757345610
1757345611
1757345612
1757345613
1757345614
1757345615
1757345616
1757345617
1757345618
1757345619
1757345620
1757345621
1757345622
1757345623
1757345624
1757345625
1757345626
1757345627
1757345628
1757345629
1757345630
1757345631
1757345632
1757345633
1757345634
1757345635
1757345636
1757345637
1757345638
1757345639
1757345640
1757345641
1757345642
1757345643
1757345644
1757345645
1757345646
1757345647
1757345648
1757345649
1757345650
1757345651
1757345652
1757345653
1757345654
1757345655
1757345656
1757345657
1757345658
1757345659
1757345660
1757345661
1757345662
1757345663
1757346439
1757346440
1757346441
1757346442
1757346443
1757346444
1757346445
1757346446
1757346447
1757346448
1757346449
1757346450
1757346451
1757346452
1757346453
1757346454
1757346455
1757346456
1757346457
1757346458
1757346459
1757346460
1757346461
1757346462
1757346463
1757346464
1757346465
1757346466
1757346467
1757346468
1757346469
1757346470
1757346471
1757346472
1757346473
1757346474
1757346475
1757346476
1757346477
1757346478
1757346479
1757346480
1757346481
1757346482
1757346483
1757346484
1757346485
1757346486
1757346487
1757346488
1757346489
1757346490
1757346491
1757346492
1757346493
1757346494
1757346495
1757346496
1757346497
1757346498
1757346499
1757346500
1757346501
1757346502
1757346503
1757346504
1757346505
1757346506
1757346507
1757346508
1757346509
1757346510
1757346511
1757346512
1757346513
1757346514
1757346515
1757346516
1757346517
1757346518
1757346519
1757346520
1757346521
1757346522
1757346523
1757346524
1757346525
1757346526
1757346527
1757346528
1757346529
1757346530
1757346531
1757346532
1757346533
1757346534
1757346535
1757346536
1757346537
1757346538
1757346539
1757346540
1757346541
1757346542
1757346543
1757346544
1757346545
1757346546
1757346547
1757346548
1757346549
1757346550
1757346551
1757346552
1757346553
1757346554
1757346555
1757346556
1757346557
1757346558
1757346559
1757346560
1757346561
1757346562
1757346563
1757346564
1757346565
1757346566
1757346567
1757346568
1757346569
1757346570
1757346571
1757346572
1757346573
1757346574
1757346575
1757346576
1757346577
1757346578
1757346579
1757346580
1757346581
1757346582
1757346583
1757346584
1757346585
1757346586
1757346587
1757346588
1757346589
1757346590
1757346591
1757346592
1757346593
1757346594
1757346595
1757346596
1757346597
1757346598
1757346599
1757346600
1757346601
1757346602
1757346603
1757346604
1757346605
1757346606
1757346607
1757346608
1757346609
1757346610
1757346611
1757346612
1757346613
1757346614
1757346615
1757346616
1757346617
1757346618
1757346619
1757346620
1757346621
1757346622
1757346623
1757346624
1757346625
1757346626
1757346627
1757346628
1757346629
1757346630
1757346631
1757346632
1757346633
1757346634
1757346635
1757346636
1757346637
1757346638
1757346639
1757346640
1757346641
1757346642
1757346643
1757346644
1757346645
1757346646
1757346647
1757346648
1757346649
1757346650
1757346651
1757346652
1757346653
1757346654
1757346655
1757346656
1757346657
1757346658
1757346659
1757346660
1757346661
1757346662
1757346663
1757347439
1757347440
1757347441
1757347442
1757347443
1757347444
1757347445
1757347446
1757347447
1757347448
1757347449
1757347450
1757347451
1757347452
1757347453
1757347454
1757347455
1757347456
1757347457
1757347458
1757347459
1757347460
1757347461
1757347462
1757347463
1757347464
1757347465
1757347466
1757347467
1757347468
1757347469
1757347470
1757347471
1757347472
1757347473
1757347474
1757347475
1757347476
1757347477
1757347478
1757347479
1757347480
1757347481
1757347482
1757347483
1757347484
1757347485
1757347486
1757347487
1757347488
1757347489
1757347490
1757347491
1757347492
1757347493
1757347494
1757347495
1757347496
1757347497
1757347498
1757347499
1757347500
1757347501
1757347502
1757347503
1757347504
1757347505
1757347506
1757347507
1757347508
1757347509
1757347510
1757347511
1757347512
1757347513
1757347514
1757347515
1757347516
1757347517
1757347518
1757347519
1757347520
1757347521
1757347522
1757347523
1757347524
1757347525
1757347526
1757347527
1757347528
1757347529
1757347530
1757347531
1757347532
1757347533
1757347534
1757347535
1757347536
1757347537
1757347538
1757347539
1757347540
1757347541
1757347542
1757347543
1757347544
1757347545
1757347546
1757347547
1757347548
1757347549
1757347550
1757347551
1757347552
1757347553
1757347554
1757347555
1757347556
1757347557
1757347558
1757347559
1757347560
1757347561
1757347562
1757347563
1757347564
1757347565
1757347566
1757347567
1757347568
1757347569
1757347570
1757347571
1757347572
1757347573
1757347574
1757347575
1757347576
1757347577
1757347578
1757347579
1757347580
1757347581
1757347582
1757347583
1757347584
1757347585
1757347586
1757347587
1757347588
1757347589
1757347590
1757347591
1757347592
1757347593
1757347594
1757347595
1757347596
1757347597
1757347598
1757347599
1757347600
1757347601
1757347602
1757347603
1757347604
1757347605
1757347606
1757347607
1757347608
1757347609
1757347610
1757347611
1757347612
1757347613
1757347614
1757347615
1757347616
1757347617
1757347618
1757347619
1757347620
1757347621
1757347622
1757347623
1757347624
1757347625
1757347626
1757347627
1757347628
1757347629
1757347630
1757347631
1757347632
1757347633
1757347634
1757347635
1757347636
1757347637
1757347638
1757347639
1757347640
1757347641
1757347642
1757347643
1757347644
1757347645
1757347646
1757347647
1757347648
1757347649
1757347650
1757347651
1757347652
1757347653
1757347654
1757347655
1757347656
1757347657
1757347658
1757347659
1757347660
1757347661
1757347662
1757347663
1757348439
1757348440
1757348441
1757348442
1757348443
1757348444
1757348445
1757348446
1757348447
1757348448
1757348449
1757348450
1757348451
1757348452
1757348453
1757348454
1757348455
1757348456
1757348457
1757348458
1757348459
1757348460
1757348461
1757348462
1757348463
1757348464
1757348465
1757348466
1757348467
1757348468
1757348469
1757348470
1757348471
1757348472
1757348473
1757348474
1757348475
1757348476
1757348477
1757348478
1757348479
1757348480
1757348481
1757348482
1757348483
1757348484
1757348485
1757348486
1757348487
1757348488
1757348489
1757348490
1757348491
1757348492
1757348493
1757348494
1757348495
1757348496
1757348497
1757348498
1757348499
1757348500
1757348501
1757348502
1757348503
1757348504
1757348505
1757348506
1757348507
1757348508
1757348509
1757348510
1757348511
1757348512
1757348513
1757348514
1757348515
1757348516
1757348517
1757348518
1757348519
1757348520
1757348521
1757348522
1757348523
1757348524
1757348525
1757348526
1757348527
1757348528
1757348529
1757348530
1757348531
1757348532
1757348533
1757348534
1757348535
1757348536
1757348537
1757348538
1757348539
1757348540
1757348541
1757348542
1757348543
1757348544
1757348545
1757348546
1757348547
1757348548
1757348549
1757348550
1757348551
1757348552
1757348553
1757348554
1757348555
1757348556
1757348557
1757348558
1757348559
1757348560
1757348561
1757348562
1757348563
1757348564
1757348565
1757348566
1757348567
1757348568
1757348569
1757348570
1757348571
1757348572
1757348573
1757348574
1757348575
1757348576
1757348577
1757348578
1757348579
1757348580
1757348581
1757348582
1757348583
1757348584
1757348585
1757348586
1757348587
1757348588
1757348589
1757348590
1757348591
1757348592
1757348593
1757348594
1757348595
1757348596
1757348597
1757348598
1757348599
1757348600
1757348601
1757348602
1757348603
1757348604
1757348605
1757348606
1757348607
1757348608
1757348609
1757348610
1757348611
1757348612
1757348613
1757348614
1757348615
1757348616
1757348617
1757348618
1757348619
1757348620
1757348621
1757348622
1757348623
1757348624
1757348625
1757348626
1757348627
1757348628
1757348629
1757348630
1757348631
1757348632
1757348633
1757348634
1757348635
1757348636
1757348637
1757348638
1757348639
1757348640
1757348641
1757348642
1757348643
1757348644
1757348645
1757348646
1757348647
1757348648
1757348649
1757348650
1757348651
1757348652
1757348653
1757348654
1757348655
1757348656
1757348657
1757348658
1757348659
1757348660
1757348661
1757348662
1757348663
1757349439
1757349440
1757349441
1757349442
1757349443
1757349444
1757349445
1757349446
1757349447
1757349448
1757349449
1757349450
1757349451
1757349452
1757349453
1757349454
1757349455
1757349456
1757349457
1757349458
1757349459
1757349460
1757349461
1757349462
1757349463
1757349464
1757349465
1757349466
1757349467
1757349468
1757349469
1757349470
1757349471
1757349472
1757349473
1757349474
1757349475
1757349476
1757349477
1757349478
1757349479
1757349480
1757349481
1757349482
1757349483
1757349484
1757349485
1757349486
1757349487
1757349488
1757349489
1757349490
1757349491
1757349492
1757349493
1757349494
1757349495
1757349496
1757349497
1757349498
1757349499
1757349500
1757349501
1757349502
1757349503
1757349504
1757349505
1757349506
1757349507
1757349508
1757349509
1757349510
1757349511
1757349512
1757349513
1757349514
1757349515
1757349516
1757349517
1757349518
1757349519
1757349520
1757349521
1757349522
1757349523
1757349524
1757349525
1757349526
1757349527
1757349528
1757349529
1757349530
1757349531
1757349532
1757349533
1757349534
1757349535
1757349536
1757349537
1757349538
1757349539
1757349540
1757349541
1757349542
1757349543
1757349544
1757349545
1757349546
1757349547
1757349548
1757349549
1757349550
1757349551
1757349552
1757349553
1757349554
1757349555
1757349556
1757349557
1757349558
1757349559
1757349560
1757349561
1757349562
1757349563
1757349564
1757349565
1757349566
1757349567
1757349568
1757349569
1757349570
1757349571
1757349572
1757349573
1757349574
1757349575
1757349576
1757349577
1757349578
1757349579
1757349580
1757349581
1757349582
1757349583
1757349584
1757349585
1757349586
1757349587
1757349588
1757349589
1757349590
1757349591
1757349592
1757349593
1757349594
1757349595
1757349596
1757349597
1757349598
1757349599
1757349600
1757349601
1757349602
1757349603
1757349604
1757349605
1757349606
1757349607
1757349608
1757349609
1757349610
1757349611
1757349612
1757349613
1757349614
1757349615
1757349616
1757349617
1757349618
1757349619
1757349620
1757349621
1757349622
1757349623
1757349624
1757349625
1757349626
1757349627
1757349628
1757349629
1757349630
1757349631
1757349632
1757349633
1757349634
1757349635
1757349636
1757349637
1757349638
1757349639
1757349640
1757349641
1757349642
1757349643
1757349644
1757349645
1757349646
1757349647
1757349648
1757349649
1757349650
1757349651
1757349652
1757349653
1757349654
1757349655
1757349656
1757349657
1757349658
1757349659
1757349660
1757349661
1757349662
1757349663
1757350439
1757350440
1757350441
1757350442
1757350443
1757350444
1757350445
1757350446
1757350447
1757350448
1757350449
1757350450
1757350451
1757350452
1757350453
1757350454
1757350455
1757350456
1757350457
1757350458
1757350459
1757350460
1757350461
1757350462
1757350463
1757350464
1757350465
1757350466
1757350467
1757350468
1757350469
1757350470
1757350471
1757350472
1757350473
1757350474
1757350475
1757350476
1757350477
1757350478
1757350479
1757350480
1757350481
1757350482
1757350483
1757350484
1757350485
1757350486
1757350487
1757350488
1757350489
1757350490
1757350491
1757350492
1757350493
1757350494
1757350495
1757350496
1757350497
1757350498
1757350499
1757350500
1757350501
1757350502
1757350503
1757350504
1757350505
1757350506
1757350507
1757350508
1757350509
1757350510
1757350511
1757350512
1757350513
1757350514
1757350515
1757350516
1757350517
1757350518
1757350519
1757350520
1757350521
1757350522
1757350523
1757350524
1757350525
1757350526
1757350527
1757350528
1757350529
1757350530
1757350531
1757350532
1757350533
1757350534
1757350535
1757350536
1757350537
1757350538
1757350539
1757350540
1757350541
1757350542
1757350543
1757350544
1757350545
1757350546
1757350547
1757350548
1757350549
1757350550
1757350551
1757350552
1757350553
1757350554
1757350555
1757350556
1757350557
1757350558
1757350559
1757350560
1757350561
1757350562
1757350563
1757350564
1757350565
1757350566
1757350567
1757350568
1757350569
1757350570
1757350571
1757350572
1757350573
1757350574
1757350575
1757350576
1757350577
1757350578
1757350579
1757350580
1757350581
1757350582
1757350583
1757350584
1757350585
1757350586
1757350587
1757350588
1757350589
1757350590
1757350591
1757350592
1757350593
1757350594
1757350595
1757350596
1757350597
1757350598
1757350599
1757350600
1757350601
1757350602
1757350603
1757350604
1757350605
1757350606
1757350607
1757350608
1757350609
1757350610
1757350611
1757350612
1757350613
1757350614
1757350615
1757350616
1757350617
1757350618
1757350619
1757350620
1757350621
1757350622
1757350623
1757350624
1757350625
1757350626
1757350627
1757350628
1757350629
1757350630
1757350631
1757350632
1757350633
1757350634
1757350635
1757350636
1757350637
1757350638
1757350639
1757350640
1757350641
1757350642
1757350643
1757350644
1757350645
1757350646
1757350647
1757350648
1757350649
1757350650
1757350651
1757350652
1757350653
1757350654
1757350655
1757350656
1757350657
1757350658
1757350659
1757350660
1757350661
1757350662
1757350663

